  87  55  87 229 241 127 101  81 100 175 190 232 212 224  95  75
  92 167  66   9 254 232 157 180 242 134 143  64 209  91 220 217
 111 233  64 130  32  99 159 193  72 116 168 181 206  39  88 212
 192 131  31 237 235 135 105 246 126 149 221 111  81 245 232 183
  47 144  82 231 243  97 111 130  98 139  69 146  58   5   1 155
 162  14  51 106  60  34  52  91 255   4  95  67 120  15 204 237
 107  10 224  70 202  60 235  31  67 144   5 108  40 156 172 150
  49 198 204  85 249  82  61 122 192  62 252 150 216 172 112 249
 112  83 112  40  39 169  20 196  13 228  96 177 250  50 130   4
  87 125  12 108 148 171
